1582389676853,ribcage,2404,1582389676852.4
1582389676853,ribcage,2398,1582389676852.5
1582389676853,ribcage,2396,1582389676852.5999
1582389676853,ribcage,2402,1582389676852.7
1582389676853,ribcage,2395,1582389676852.7998
1582389676853,ribcage,2401,1582389676852.9
1582389676853,ribcage,2380,1582389676853
1582389677562,ribcage,2365,1582389677561.4
1582389677562,ribcage,2348,1582389677561.5
1582389677562,ribcage,2329,1582389677561.5999
1582389677562,ribcage,2317,1582389677561.7
1582389677562,ribcage,2306,1582389677561.7998
1582389677562,ribcage,2298,1582389677561.9
1582389677562,ribcage,2292,1582389677562
1582389678251,ribcage,2287,1582389678250.4
1582389678251,ribcage,2285,1582389678250.5
1582389678251,ribcage,2284,1582389678250.5999
1582389678251,ribcage,2283,1582389678250.7
1582389678251,ribcage,2274,1582389678250.7998
1582389678251,ribcage,2278,1582389678250.9
1582389678251,ribcage,2276,1582389678251
1582389678956,ribcage,2276,1582389678955.4
1582389678956,ribcage,2280,1582389678955.5
1582389678956,ribcage,2287,1582389678955.5999
1582389678956,ribcage,2296,1582389678955.7
1582389678956,ribcage,2308,1582389678955.7998
1582389678956,ribcage,2329,1582389678955.9
1582389678956,ribcage,2343,1582389678956
1582389679661,ribcage,2365,1582389679660.4
1582389679661,ribcage,2378,1582389679660.5
1582389679661,ribcage,2389,1582389679660.5999
1582389679661,ribcage,2394,1582389679660.7
1582389679661,ribcage,2390,1582389679660.7998
1582389679661,ribcage,2375,1582389679660.9
1582389679661,ribcage,2362,1582389679661
1582389680351,ribcage,2348,1582389680350.4
1582389680351,ribcage,2329,1582389680350.5
1582389680351,ribcage,2317,1582389680350.5999
1582389680351,ribcage,2308,1582389680350.7
1582389680351,ribcage,2296,1582389680350.7998
1582389680351,ribcage,2289,1582389680350.9
1582389680351,ribcage,2284,1582389680351
1582389681052,ribcage,2280,1582389681051.4
1582389681052,ribcage,2277,1582389681051.5
1582389681052,ribcage,2276,1582389681051.5999
1582389681052,ribcage,2277,1582389681051.7
1582389681052,ribcage,2274,1582389681051.7998
1582389681052,ribcage,2268,1582389681051.9
1582389681052,ribcage,2272,1582389681052
1582389681758,ribcage,2272,1582389681757.4
1582389681758,ribcage,2276,1582389681757.5
1582389681758,ribcage,2281,1582389681757.5999
1582389681758,ribcage,2293,1582389681757.7
1582389681758,ribcage,2309,1582389681757.7998
1582389681758,ribcage,2327,1582389681757.9
1582389681758,ribcage,2344,1582389681758
1582389682448,ribcage,2362,1582389682447.4
1582389682448,ribcage,2376,1582389682447.5
1582389682448,ribcage,2389,1582389682447.5999
1582389682448,ribcage,2392,1582389682447.7
1582389682448,ribcage,2388,1582389682447.7998
1582389682448,ribcage,2377,1582389682447.9
1582389682448,ribcage,2358,1582389682448
1582389683152,ribcage,2345,1582389683151.4
1582389683152,ribcage,2337,1582389683151.5
1582389683152,ribcage,2327,1582389683151.5999
1582389683152,ribcage,2319,1582389683151.7
1582389683152,ribcage,2308,1582389683151.7998
1582389683152,ribcage,2304,1582389683151.9
1582389683152,ribcage,2302,1582389683152
1582389683861,ribcage,2291,1582389683860.4
1582389683861,ribcage,2288,1582389683860.5
1582389683861,ribcage,2283,1582389683860.5999
1582389683861,ribcage,2284,1582389683860.7
1582389683861,ribcage,2283,1582389683860.7998
1582389683861,ribcage,2286,1582389683860.9
1582389683861,ribcage,2294,1582389683861
1582389684547,ribcage,2304,1582389684546.4
1582389684547,ribcage,2323,1582389684546.5
1582389684547,ribcage,2351,1582389684546.5999
1582389684547,ribcage,2370,1582389684546.7
1582389684547,ribcage,2406,1582389684546.7998
1582389684547,ribcage,2456,1582389684546.9
1582389684547,ribcage,2515,1582389684547
1582389685254,ribcage,2586,1582389685253.4
1582389685254,ribcage,2632,1582389685253.5
1582389685254,ribcage,2662,1582389685253.5999
1582389685254,ribcage,2693,1582389685253.7
1582389685254,ribcage,2700,1582389685253.7998
1582389685254,ribcage,2691,1582389685253.9
1582389685254,ribcage,2674,1582389685254
1582389685943,ribcage,2628,1582389685942.4
1582389685943,ribcage,2563,1582389685942.5
1582389685943,ribcage,2503,1582389685942.5999
1582389685943,ribcage,2464,1582389685942.7
1582389685943,ribcage,2432,1582389685942.7998
1582389685943,ribcage,2405,1582389685942.9
1582389685943,ribcage,2390,1582389685943
1582389686652,ribcage,2377,1582389686651.4
1582389686652,ribcage,2370,1582389686651.5
1582389686652,ribcage,2360,1582389686651.5999
1582389686652,ribcage,2350,1582389686651.7
1582389686652,ribcage,2340,1582389686651.7998
1582389686652,ribcage,2332,1582389686651.9
1582389686652,ribcage,2322,1582389686652
1582389687357,ribcage,2321,1582389687356.4
1582389687357,ribcage,2315,1582389687356.5
1582389687357,ribcage,2307,1582389687356.5999
1582389687357,ribcage,2304,1582389687356.7
1582389687357,ribcage,2305,1582389687356.7998
1582389687357,ribcage,2298,1582389687356.9
1582389687357,ribcage,2301,1582389687357
1582389688047,ribcage,2303,1582389688046.4
1582389688047,ribcage,2298,1582389688046.5
1582389688047,ribcage,2299,1582389688046.5999
1582389688047,ribcage,2299,1582389688046.7
1582389688047,ribcage,2313,1582389688046.7998
1582389688047,ribcage,2341,1582389688046.9
1582389688047,ribcage,2379,1582389688047
1582389688752,ribcage,2421,1582389688751.4
1582389688752,ribcage,2461,1582389688751.5
1582389688752,ribcage,2497,1582389688751.5999
1582389688752,ribcage,2530,1582389688751.7
1582389688752,ribcage,2567,1582389688751.7998
1582389688752,ribcage,2600,1582389688751.9
1582389688752,ribcage,2628,1582389688752
1582389689457,ribcage,2654,1582389689456.4
1582389689457,ribcage,2675,1582389689456.5
1582389689457,ribcage,2688,1582389689456.5999
1582389689457,ribcage,2685,1582389689456.7
1582389689457,ribcage,2669,1582389689456.7998
1582389689457,ribcage,2644,1582389689456.9
1582389689457,ribcage,2612,1582389689457
1582389690147,ribcage,2587,1582389690146.4
1582389690147,ribcage,2562,1582389690146.5
1582389690147,ribcage,2541,1582389690146.5999
1582389690147,ribcage,2522,1582389690146.7
1582389690147,ribcage,2505,1582389690146.7998
1582389690147,ribcage,2493,1582389690146.9
1582389690147,ribcage,2480,1582389690147
1582389690851,ribcage,2470,1582389690850.4
1582389690851,ribcage,2461,1582389690850.5
1582389690851,ribcage,2456,1582389690850.5999
1582389690851,ribcage,2452,1582389690850.7
1582389690851,ribcage,2444,1582389690850.7998
1582389690851,ribcage,2440,1582389690850.9
1582389690851,ribcage,2434,1582389690851
1582389691553,ribcage,2428,1582389691552.4
1582389691553,ribcage,2427,1582389691552.5
1582389691553,ribcage,2427,1582389691552.5999
1582389691553,ribcage,2428,1582389691552.7
1582389691553,ribcage,2431,1582389691552.7998
1582389691553,ribcage,2428,1582389691552.9
1582389691553,ribcage,2431,1582389691553
1582389692247,ribcage,2428,1582389692246.4
1582389692247,ribcage,2435,1582389692246.5
1582389692247,ribcage,2441,1582389692246.5999
1582389692247,ribcage,2452,1582389692246.7
1582389692247,ribcage,2468,1582389692246.7998
1582389692247,ribcage,2490,1582389692246.9
1582389692247,ribcage,2508,1582389692247
1582389692952,ribcage,2529,1582389692951.4
1582389692952,ribcage,2551,1582389692951.5
1582389692952,ribcage,2572,1582389692951.5999
1582389692952,ribcage,2599,1582389692951.7
1582389692952,ribcage,2611,1582389692951.7998
1582389692952,ribcage,2594,1582389692951.9
1582389692952,ribcage,2589,1582389692952
1582389693642,ribcage,2573,1582389693641.4
1582389693642,ribcage,2548,1582389693641.5
1582389693642,ribcage,2533,1582389693641.5999
1582389693642,ribcage,2508,1582389693641.7
1582389693642,ribcage,2482,1582389693641.7998
1582389693642,ribcage,2464,1582389693641.9
1582389693642,ribcage,2453,1582389693642
1582389694347,ribcage,2441,1582389694346.4
1582389694347,ribcage,2434,1582389694346.5
1582389694347,ribcage,2432,1582389694346.5999
1582389694347,ribcage,2429,1582389694346.7
1582389694347,ribcage,2428,1582389694346.7998
1582389694347,ribcage,2439,1582389694346.9
1582389694347,ribcage,2462,1582389694347
1582389695051,ribcage,2484,1582389695050.4
1582389695051,ribcage,2513,1582389695050.5
1582389695051,ribcage,2533,1582389695050.5999
1582389695051,ribcage,2549,1582389695050.7
1582389695051,ribcage,2576,1582389695050.7998
1582389695051,ribcage,2613,1582389695050.9
1582389695051,ribcage,2652,1582389695051
1582389695741,ribcage,2691,1582389695740.4
1582389695741,ribcage,2718,1582389695740.5
1582389695741,ribcage,2741,1582389695740.5999
1582389695741,ribcage,2760,1582389695740.7
1582389695741,ribcage,2762,1582389695740.7998
1582389695741,ribcage,2754,1582389695740.9
1582389695741,ribcage,2731,1582389695741
1582389696450,ribcage,2698,1582389696449.4
1582389696450,ribcage,2672,1582389696449.5
1582389696450,ribcage,2648,1582389696449.5999
1582389696450,ribcage,2632,1582389696449.7
1582389696450,ribcage,2617,1582389696449.7998
1582389696450,ribcage,2602,1582389696449.9
1582389696450,ribcage,2591,1582389696450
1582389697152,ribcage,2583,1582389697151.4
1582389697152,ribcage,2577,1582389697151.5
1582389697152,ribcage,2570,1582389697151.5999
1582389697152,ribcage,2569,1582389697151.7
1582389697152,ribcage,2565,1582389697151.7998
1582389697152,ribcage,2565,1582389697151.9
1582389697152,ribcage,2561,1582389697152
1582389697842,ribcage,2556,1582389697841.4
1582389697842,ribcage,2547,1582389697841.5
1582389697842,ribcage,2548,1582389697841.5999
1582389697842,ribcage,2555,1582389697841.7
1582389697842,ribcage,2569,1582389697841.7998
1582389697842,ribcage,2585,1582389697841.9
1582389697842,ribcage,2601,1582389697842
1582389698547,ribcage,2619,1582389698546.4
1582389698547,ribcage,2633,1582389698546.5
1582389698547,ribcage,2652,1582389698546.5999
1582389698547,ribcage,2670,1582389698546.7
1582389698547,ribcage,2686,1582389698546.7998
1582389698547,ribcage,2688,1582389698546.9
1582389698547,ribcage,2677,1582389698547
1582389699252,ribcage,2658,1582389699251.4
1582389699252,ribcage,2643,1582389699251.5
1582389699252,ribcage,2632,1582389699251.5999
1582389699252,ribcage,2619,1582389699251.7
1582389699252,ribcage,2609,1582389699251.7998
1582389699252,ribcage,2602,1582389699251.9
1582389699252,ribcage,2595,1582389699252
1582389699942,ribcage,2586,1582389699941.4
1582389699942,ribcage,2579,1582389699941.5
1582389699942,ribcage,2572,1582389699941.5999
1582389699942,ribcage,2566,1582389699941.7
1582389699942,ribcage,2564,1582389699941.7998
1582389699942,ribcage,2564,1582389699941.9
1582389699942,ribcage,2552,1582389699942
1582389700647,ribcage,2551,1582389700646.4
1582389700647,ribcage,2544,1582389700646.5
1582389700647,ribcage,2537,1582389700646.5999
1582389700647,ribcage,2544,1582389700646.7
1582389700647,ribcage,2541,1582389700646.7998
1582389700647,ribcage,2538,1582389700646.9
1582389700647,ribcage,2542,1582389700647
1582389701349,ribcage,2540,1582389701348.4
1582389701349,ribcage,2533,1582389701348.5
1582389701349,ribcage,2544,1582389701348.5999
1582389701349,ribcage,2557,1582389701348.7
1582389701349,ribcage,2553,1582389701348.7998
1582389701349,ribcage,2555,1582389701348.9
1582389701349,ribcage,2554,1582389701349
1582389702040,ribcage,2528,1582389702039.4
1582389702040,ribcage,2502,1582389702039.5
1582389702040,ribcage,2477,1582389702039.5999
1582389702040,ribcage,2454,1582389702039.7
1582389702040,ribcage,2443,1582389702039.7998
1582389702040,ribcage,2425,1582389702039.9
1582389702040,ribcage,2394,1582389702040
1582389702744,ribcage,2370,1582389702743.4
1582389702744,ribcage,2360,1582389702743.5
1582389702744,ribcage,2357,1582389702743.5999
1582389702744,ribcage,2354,1582389702743.7
1582389702744,ribcage,2350,1582389702743.7998
1582389702744,ribcage,2348,1582389702743.9
1582389702744,ribcage,2349,1582389702744
1582389703434,ribcage,2351,1582389703433.4
1582389703434,ribcage,2350,1582389703433.5
1582389703434,ribcage,2354,1582389703433.5999
1582389703434,ribcage,2352,1582389703433.7
1582389703434,ribcage,2354,1582389703433.7998
1582389703434,ribcage,2357,1582389703433.9
1582389703434,ribcage,2357,1582389703434
1582389735093,ribcage,2282,1582389734493
1582389735093,ribcage,2278,1582389734593
1582389735093,ribcage,2274,1582389734693
1582389735093,ribcage,2280,1582389734793
1582389735093,ribcage,2272,1582389734893
1582389735093,ribcage,2288,1582389734993
1582389735093,ribcage,2278,1582389735093
1582389735798,ribcage,2282,1582389735198
1582389735798,ribcage,2274,1582389735298
1582389735798,ribcage,2269,1582389735398
1582389735798,ribcage,2271,1582389735498
1582389735798,ribcage,2268,1582389735598
1582389735798,ribcage,2269,1582389735698
1582389735798,ribcage,2271,1582389735798
1582389736487,ribcage,2272,1582389735887
1582389736487,ribcage,2279,1582389735987
1582389736487,ribcage,2287,1582389736087
1582389736487,ribcage,2297,1582389736187
1582389736487,ribcage,2309,1582389736287
1582389736487,ribcage,2319,1582389736387
1582389736487,ribcage,2334,1582389736487
1582389737194,ribcage,2344,1582389736594
1582389737194,ribcage,2359,1582389736694
1582389737194,ribcage,2361,1582389736794
1582389737194,ribcage,2361,1582389736894
1582389737194,ribcage,2376,1582389736994
1582389737194,ribcage,2406,1582389737094
1582389737194,ribcage,2420,1582389737194
1582389737899,ribcage,2425,1582389737299
1582389737899,ribcage,2408,1582389737399
1582389737899,ribcage,2387,1582389737499
1582389737899,ribcage,2375,1582389737599
1582389737899,ribcage,2363,1582389737699
1582389737899,ribcage,2345,1582389737799
1582389737899,ribcage,2338,1582389737899
1582389738588,ribcage,2325,1582389737988
1582389738588,ribcage,2318,1582389738088
1582389738588,ribcage,2316,1582389738188
1582389738588,ribcage,2309,1582389738288
1582389738588,ribcage,2285,1582389738388
1582389738588,ribcage,2278,1582389738488
1582389738588,ribcage,2282,1582389738588
1582389739290,ribcage,2296,1582389738690
1582389739290,ribcage,2298,1582389738790
1582389739290,ribcage,2305,1582389738890
1582389739290,ribcage,2312,1582389738990
1582389739290,ribcage,2324,1582389739090
1582389739290,ribcage,2340,1582389739190
1582389739290,ribcage,2360,1582389739290
1582389739999,ribcage,2371,1582389739399
1582389739999,ribcage,2393,1582389739499
1582389739999,ribcage,2423,1582389739599
1582389739999,ribcage,2458,1582389739699
1582389739999,ribcage,2483,1582389739799
1582389739999,ribcage,2513,1582389739899
1582389739999,ribcage,2533,1582389739999
1582389740689,ribcage,2559,1582389740089
1582389740689,ribcage,2581,1582389740189
1582389740689,ribcage,2601,1582389740289
1582389740689,ribcage,2606,1582389740389
1582389740689,ribcage,2590,1582389740489
1582389740689,ribcage,2573,1582389740589
1582389740689,ribcage,2550,1582389740689
1582389741408,ribcage,2533,1582389740808
1582389741408,ribcage,2513,1582389740908
1582389741408,ribcage,2497,1582389741008
1582389741408,ribcage,2480,1582389741108
1582389741408,ribcage,2463,1582389741208
1582389741408,ribcage,2449,1582389741308
1582389741408,ribcage,2441,1582389741408
1582389742096,ribcage,2436,1582389741496
1582389742096,ribcage,2425,1582389741596
1582389742096,ribcage,2419,1582389741696
1582389742096,ribcage,2419,1582389741796
1582389742096,ribcage,2404,1582389741896
1582389742096,ribcage,2400,1582389741996
1582389742096,ribcage,2399,1582389742096
1582389742789,ribcage,2397,1582389742189
1582389742789,ribcage,2405,1582389742289
1582389742789,ribcage,2418,1582389742389
1582389742789,ribcage,2430,1582389742489
1582389742789,ribcage,2441,1582389742589
1582389742789,ribcage,2455,1582389742689
1582389742789,ribcage,2462,1582389742789
1582389743490,ribcage,2486,1582389742890
1582389743490,ribcage,2503,1582389742990
1582389743490,ribcage,2519,1582389743090
1582389743490,ribcage,2532,1582389743190
1582389743490,ribcage,2536,1582389743290
1582389743490,ribcage,2530,1582389743390
1582389743490,ribcage,2527,1582389743490
1582389744180,ribcage,2518,1582389743580
1582389744180,ribcage,2504,1582389743680
1582389744180,ribcage,2495,1582389743780
1582389744180,ribcage,2485,1582389743880
1582389744180,ribcage,2470,1582389743980
1582389744180,ribcage,2470,1582389744080
1582389744180,ribcage,2464,1582389744180
1582389744889,ribcage,2466,1582389744289
1582389744889,ribcage,2461,1582389744389
1582389744889,ribcage,2446,1582389744489
1582389744889,ribcage,2444,1582389744589
1582389744889,ribcage,2457,1582389744689
1582389744889,ribcage,2475,1582389744789
1582389744889,ribcage,2489,1582389744889
1582389745594,ribcage,2508,1582389744994
1582389745594,ribcage,2528,1582389745094
1582389745594,ribcage,2547,1582389745194
1582389745594,ribcage,2563,1582389745294
1582389745594,ribcage,2571,1582389745394
1582389745594,ribcage,2581,1582389745494
1582389745594,ribcage,2583,1582389745594
1582389746284,ribcage,2571,1582389745684
1582389746284,ribcage,2555,1582389745784
1582389746284,ribcage,2539,1582389745884
1582389746284,ribcage,2522,1582389745984
1582389746284,ribcage,2503,1582389746084
1582389746284,ribcage,2490,1582389746184
1582389746284,ribcage,2475,1582389746284
1582389746985,ribcage,2459,1582389746385
1582389746985,ribcage,2443,1582389746485
1582389746985,ribcage,2434,1582389746585
1582389746985,ribcage,2432,1582389746685
1582389746985,ribcage,2422,1582389746785
1582389746985,ribcage,2415,1582389746885
1582389746985,ribcage,2413,1582389746985
1582389747691,ribcage,2410,1582389747091
1582389747691,ribcage,2406,1582389747191
1582389747691,ribcage,2406,1582389747291
1582389747691,ribcage,2406,1582389747391
1582389747691,ribcage,2402,1582389747491
1582389747691,ribcage,2402,1582389747591
1582389747691,ribcage,2403,1582389747691
1582389748384,ribcage,2411,1582389747784
1582389748384,ribcage,2420,1582389747884
1582389748384,ribcage,2442,1582389747984
1582389748384,ribcage,2453,1582389748084
1582389748384,ribcage,2466,1582389748184
1582389748384,ribcage,2484,1582389748284
1582389748384,ribcage,2504,1582389748384
1582389749089,ribcage,2525,1582389748489
1582389749089,ribcage,2547,1582389748589
1582389749089,ribcage,2570,1582389748689
1582389749089,ribcage,2573,1582389748789
1582389749089,ribcage,2563,1582389748889
1582389749089,ribcage,2549,1582389748989
1582389749089,ribcage,2530,1582389749089
1582389749790,ribcage,2520,1582389749190
1582389749790,ribcage,2503,1582389749290
1582389749790,ribcage,2489,1582389749390
1582389749790,ribcage,2475,1582389749490
1582389749790,ribcage,2464,1582389749590
1582389749790,ribcage,2457,1582389749690
1582389749790,ribcage,2453,1582389749790
1582389750484,ribcage,2444,1582389749884
1582389750484,ribcage,2437,1582389749984
1582389750484,ribcage,2433,1582389750084
1582389750484,ribcage,2426,1582389750184
1582389750484,ribcage,2423,1582389750284
1582389750484,ribcage,2421,1582389750384
1582389750484,ribcage,2419,1582389750484
1582389751189,ribcage,2431,1582389750589
1582389751189,ribcage,2439,1582389750689
1582389751189,ribcage,2448,1582389750789
1582389751189,ribcage,2465,1582389750889
1582389751189,ribcage,2485,1582389750989
1582389751189,ribcage,2502,1582389751089
1582389751189,ribcage,2532,1582389751189
1582389751876,ribcage,2552,1582389751276
1582389751876,ribcage,2570,1582389751376
1582389751876,ribcage,2580,1582389751476
1582389751876,ribcage,2576,1582389751576
1582389751876,ribcage,2552,1582389751676
1582389751876,ribcage,2536,1582389751776
1582389751876,ribcage,2515,1582389751876
1582389752583,ribcage,2500,1582389751983
1582389752583,ribcage,2486,1582389752083
1582389752583,ribcage,2472,1582389752183
1582389752583,ribcage,2459,1582389752283
1582389752583,ribcage,2448,1582389752383
1582389752583,ribcage,2439,1582389752483
1582389752583,ribcage,2429,1582389752583
1582389753288,ribcage,2428,1582389752688
1582389753288,ribcage,2431,1582389752788
1582389753288,ribcage,2435,1582389752888
1582389753288,ribcage,2434,1582389752988
1582389753288,ribcage,2435,1582389753088
1582389753288,ribcage,2429,1582389753188
1582389753288,ribcage,2428,1582389753288
1582389753975,ribcage,2426,1582389753375
1582389753975,ribcage,2427,1582389753475
1582389753975,ribcage,2431,1582389753575
1582389753975,ribcage,2428,1582389753675
1582389753975,ribcage,2419,1582389753775
1582389753975,ribcage,2415,1582389753875
1582389753975,ribcage,2409,1582389753975
1582389754684,ribcage,2404,1582389754084
1582389754684,ribcage,2403,1582389754184
1582389754684,ribcage,2402,1582389754284
1582389754684,ribcage,2401,1582389754384
1582389754684,ribcage,2407,1582389754484
1582389754684,ribcage,2407,1582389754584
1582389754684,ribcage,2417,1582389754684
1582389755389,ribcage,2427,1582389754789
1582389755389,ribcage,2440,1582389754889
1582389755389,ribcage,2455,1582389754989
1582389755389,ribcage,2478,1582389755089
1582389755389,ribcage,2500,1582389755189
1582389755389,ribcage,2518,1582389755289
1582389755389,ribcage,2544,1582389755389
1582389756079,ribcage,2556,1582389755479
1582389756079,ribcage,2542,1582389755579
1582389756079,ribcage,2523,1582389755679
1582389756079,ribcage,2512,1582389755779
1582389756079,ribcage,2507,1582389755879
1582389756079,ribcage,2504,1582389755979
1582389756079,ribcage,2504,1582389756079
1582389756784,ribcage,2499,1582389756184
1582389756784,ribcage,2486,1582389756284
1582389756784,ribcage,2469,1582389756384
1582389756784,ribcage,2450,1582389756484
1582389756784,ribcage,2436,1582389756584
1582389756784,ribcage,2417,1582389756684
1582389756784,ribcage,2407,1582389756784
1582389757489,ribcage,2400,1582389756889
1582389757489,ribcage,2393,1582389756989
1582389757489,ribcage,2388,1582389757089
1582389757489,ribcage,2380,1582389757189
1582389757489,ribcage,2372,1582389757289
1582389757489,ribcage,2370,1582389757389
1582389757489,ribcage,2372,1582389757489
1582389758175,ribcage,2367,1582389757575
1582389758175,ribcage,2369,1582389757675
1582389758175,ribcage,2368,1582389757775
1582389758175,ribcage,2367,1582389757875
1582389758175,ribcage,2376,1582389757975
1582389758175,ribcage,2386,1582389758075
1582389758175,ribcage,2395,1582389758175
1582389758930,ribcage,2407,1582389758330
1582389758930,ribcage,2418,1582389758430
1582389758930,ribcage,2417,1582389758530
1582389758930,ribcage,2433,1582389758630
1582389758930,ribcage,2460,1582389758730
1582389758930,ribcage,2480,1582389758830
1582389758930,ribcage,2493,1582389758930
1582389759589,ribcage,2493,1582389758989
1582389759589,ribcage,2482,1582389759089
1582389759589,ribcage,2478,1582389759189
1582389759589,ribcage,2469,1582389759289
1582389759589,ribcage,2451,1582389759389
1582389759589,ribcage,2449,1582389759489
1582389759589,ribcage,2428,1582389759589
1582389760279,ribcage,2408,1582389759679
1582389760279,ribcage,2408,1582389759779
1582389760279,ribcage,2399,1582389759879
1582389760279,ribcage,2390,1582389759979
1582389760279,ribcage,2386,1582389760079
1582389760279,ribcage,2375,1582389760179
1582389760279,ribcage,2370,1582389760279
1582389760981,ribcage,2365,1582389760381
1582389760981,ribcage,2357,1582389760481
1582389760981,ribcage,2356,1582389760581
1582389760981,ribcage,2354,1582389760681
1582389760981,ribcage,2361,1582389760781
1582389760981,ribcage,2373,1582389760881
1582389760981,ribcage,2387,1582389760981
1582389761671,ribcage,2395,1582389761071
1582389761671,ribcage,2405,1582389761171
1582389761671,ribcage,2422,1582389761271
1582389761671,ribcage,2445,1582389761371
1582389761671,ribcage,2464,1582389761471
1582389761671,ribcage,2481,1582389761571
1582389761671,ribcage,2484,1582389761671
1582389762376,ribcage,2473,1582389761776
1582389762376,ribcage,2464,1582389761876
1582389762376,ribcage,2446,1582389761976
1582389762376,ribcage,2436,1582389762076
1582389762376,ribcage,2424,1582389762176
1582389762376,ribcage,2414,1582389762276
1582389762376,ribcage,2403,1582389762376
1582389763081,ribcage,2388,1582389762481
1582389763081,ribcage,2376,1582389762581
1582389763081,ribcage,2361,1582389762681
1582389763081,ribcage,2355,1582389762781
1582389763081,ribcage,2347,1582389762881
1582389763081,ribcage,2341,1582389762981
1582389763081,ribcage,2336,1582389763081
1582389763771,ribcage,2338,1582389763171
1582389763771,ribcage,2338,1582389763271
1582389763771,ribcage,2340,1582389763371
1582389763771,ribcage,2343,1582389763471
1582389763771,ribcage,2347,1582389763571
1582389763771,ribcage,2366,1582389763671
1582389763771,ribcage,2386,1582389763771
1582389764479,ribcage,2415,1582389763879
1582389764479,ribcage,2445,1582389763979
1582389764479,ribcage,2468,1582389764079
1582389764479,ribcage,2498,1582389764179
1582389764479,ribcage,2510,1582389764279
1582389764479,ribcage,2512,1582389764379
1582389764479,ribcage,2499,1582389764479
1582389765185,ribcage,2482,1582389764585
1582389765185,ribcage,2468,1582389764685
1582389765185,ribcage,2457,1582389764785
1582389765185,ribcage,2442,1582389764885
1582389765185,ribcage,2427,1582389764985
1582389765185,ribcage,2416,1582389765085
1582389765185,ribcage,2405,1582389765185
1582389765875,ribcage,2388,1582389765275
1582389765875,ribcage,2381,1582389765375
1582389765875,ribcage,2367,1582389765475
1582389765875,ribcage,2358,1582389765575
1582389765875,ribcage,2350,1582389765675
1582389765875,ribcage,2341,1582389765775
1582389765875,ribcage,2337,1582389765875
1582389766576,ribcage,2334,1582389765976
1582389766576,ribcage,2334,1582389766076
1582389766576,ribcage,2332,1582389766176
1582389766576,ribcage,2335,1582389766276
1582389766576,ribcage,2342,1582389766376
1582389766576,ribcage,2355,1582389766476
1582389766576,ribcage,2371,1582389766576
1582389767285,ribcage,2389,1582389766685
1582389767285,ribcage,2402,1582389766785
1582389767285,ribcage,2427,1582389766885
1582389767285,ribcage,2453,1582389766985
1582389767285,ribcage,2487,1582389767085
1582389767285,ribcage,2521,1582389767185
1582389767285,ribcage,2532,1582389767285
1582389767975,ribcage,2514,1582389767375
1582389767975,ribcage,2516,1582389767475
1582389767975,ribcage,2502,1582389767575
1582389767975,ribcage,2487,1582389767675
1582389767975,ribcage,2478,1582389767775
1582389767975,ribcage,2464,1582389767875
1582389767975,ribcage,2445,1582389767975
1582389768679,ribcage,2432,1582389768079
1582389768679,ribcage,2414,1582389768179
1582389768679,ribcage,2396,1582389768279
1582389768679,ribcage,2386,1582389768379
1582389768679,ribcage,2372,1582389768479
1582389768679,ribcage,2366,1582389768579
1582389768679,ribcage,2353,1582389768679
1582389769369,ribcage,2342,1582389768769
1582389769369,ribcage,2335,1582389768869
1582389769369,ribcage,2333,1582389768969
1582389769369,ribcage,2331,1582389769069
1582389769369,ribcage,2327,1582389769169
1582389769369,ribcage,2323,1582389769269
1582389769369,ribcage,2326,1582389769369
1582389770072,ribcage,2328,1582389769472
1582389770072,ribcage,2340,1582389769572
1582389770072,ribcage,2350,1582389769672
1582389770072,ribcage,2367,1582389769772
1582389770072,ribcage,2377,1582389769872
1582389770072,ribcage,2400,1582389769972
1582389770072,ribcage,2422,1582389770072
1582389770780,ribcage,2447,1582389770180
1582389770780,ribcage,2466,1582389770280
1582389770780,ribcage,2473,1582389770380
1582389770780,ribcage,2475,1582389770480
1582389770780,ribcage,2470,1582389770580
1582389770780,ribcage,2456,1582389770680
1582389770780,ribcage,2449,1582389770780
1582389771470,ribcage,2431,1582389770870
1582389771470,ribcage,2415,1582389770970
1582389771470,ribcage,2400,1582389771070
1582389771470,ribcage,2390,1582389771170
1582389771470,ribcage,2382,1582389771270
1582389771470,ribcage,2370,1582389771370
1582389771470,ribcage,2361,1582389771470
1582389772175,ribcage,2350,1582389771575
1582389772175,ribcage,2346,1582389771675
1582389772175,ribcage,2341,1582389771775
1582389772175,ribcage,2333,1582389771875
1582389772175,ribcage,2324,1582389771975
1582389772175,ribcage,2321,1582389772075
1582389772175,ribcage,2320,1582389772175
1582389772877,ribcage,2319,1582389772277
1582389772877,ribcage,2319,1582389772377
1582389772877,ribcage,2318,1582389772477
1582389772877,ribcage,2319,1582389772577
1582389772877,ribcage,2320,1582389772677
1582389772877,ribcage,2316,1582389772777
1582389772877,ribcage,2319,1582389772877
1582389773570,ribcage,2323,1582389772970
1582389773570,ribcage,2331,1582389773070
1582389773570,ribcage,2344,1582389773170
1582389773570,ribcage,2357,1582389773270
1582389773570,ribcage,2373,1582389773370
1582389773570,ribcage,2396,1582389773470
1582389773570,ribcage,2422,1582389773570
1582389774275,ribcage,2450,1582389773675
1582389774275,ribcage,2479,1582389773775
1582389774275,ribcage,2518,1582389773875
1582389774275,ribcage,2540,1582389773975
1582389774275,ribcage,2554,1582389774075
1582389774275,ribcage,2555,1582389774175
1582389774275,ribcage,2554,1582389774275
1582389774980,ribcage,2544,1582389774380
1582389774980,ribcage,2528,1582389774480
1582389774980,ribcage,2516,1582389774580
1582389774980,ribcage,2509,1582389774680
1582389774980,ribcage,2493,1582389774780
1582389774980,ribcage,2483,1582389774880
1582389774980,ribcage,2473,1582389774980
1582389775670,ribcage,2456,1582389775070
1582389775670,ribcage,2444,1582389775170
1582389775670,ribcage,2434,1582389775270
1582389775670,ribcage,2419,1582389775370
1582389775670,ribcage,2419,1582389775470
1582389775670,ribcage,2412,1582389775570
1582389775670,ribcage,2404,1582389775670
1582389776375,ribcage,2410,1582389775775
1582389776375,ribcage,2404,1582389775875
1582389776375,ribcage,2399,1582389775975
1582389776375,ribcage,2406,1582389776075
1582389776375,ribcage,2406,1582389776175
1582389776375,ribcage,2408,1582389776275
1582389776375,ribcage,2422,1582389776375
1582389777061,ribcage,2436,1582389776461
1582389777061,ribcage,2453,1582389776561
1582389777061,ribcage,2471,1582389776661
1582389777061,ribcage,2476,1582389776761
1582389777061,ribcage,2474,1582389776861
1582389777061,ribcage,2467,1582389776961
1582389777061,ribcage,2455,1582389777061
1582389777770,ribcage,2423,1582389777170
1582389777770,ribcage,2385,1582389777270
1582389777770,ribcage,2353,1582389777370
1582389777770,ribcage,2324,1582389777470
1582389777770,ribcage,2312,1582389777570
1582389777770,ribcage,2311,1582389777670
1582389777770,ribcage,2310,1582389777770
1582389778475,ribcage,2310,1582389777875
1582389778475,ribcage,2311,1582389777975
1582389778475,ribcage,2311,1582389778075
1582389778475,ribcage,2316,1582389778175
1582389778475,ribcage,2310,1582389778275
1582389778475,ribcage,2310,1582389778375
1582389778475,ribcage,2309,1582389778475
1582389779165,ribcage,2306,1582389778565
1582389779165,ribcage,2302,1582389778665
1582389779165,ribcage,2301,1582389778765
1582389779165,ribcage,2299,1582389778865
1582389779165,ribcage,2297,1582389778965
1582389779165,ribcage,2290,1582389779065
1582389779165,ribcage,2291,1582389779165
1582389779867,ribcage,2303,1582389779267
1582389779867,ribcage,2309,1582389779367
1582389779867,ribcage,2324,1582389779467
1582389779867,ribcage,2340,1582389779567
1582389779867,ribcage,2358,1582389779667
1582389779867,ribcage,2382,1582389779767
1582389779867,ribcage,2405,1582389779867
1582389780575,ribcage,2423,1582389779975
1582389780575,ribcage,2434,1582389780075
1582389780575,ribcage,2435,1582389780175
1582389780575,ribcage,2425,1582389780275
1582389780575,ribcage,2407,1582389780375
1582389780575,ribcage,2392,1582389780475
1582389780575,ribcage,2376,1582389780575
1582389781265,ribcage,2361,1582389780665
1582389781265,ribcage,2343,1582389780765
1582389781265,ribcage,2326,1582389780865
1582389781265,ribcage,2315,1582389780965
1582389781265,ribcage,2305,1582389781065
1582389781265,ribcage,2298,1582389781165
1582389781265,ribcage,2288,1582389781265
1582389781969,ribcage,2282,1582389781369
1582389781969,ribcage,2280,1582389781469
1582389781969,ribcage,2275,1582389781569
1582389781969,ribcage,2272,1582389781669
1582389781969,ribcage,2272,1582389781769
1582389781969,ribcage,2267,1582389781869
1582389781969,ribcage,2272,1582389781969
1582389782672,ribcage,2273,1582389782072
1582389782672,ribcage,2281,1582389782172
1582389782672,ribcage,2294,1582389782272
1582389782672,ribcage,2307,1582389782372
1582389782672,ribcage,2321,1582389782472
1582389782672,ribcage,2341,1582389782572
1582389782672,ribcage,2362,1582389782672
1582389783365,ribcage,2371,1582389782765
1582389783365,ribcage,2385,1582389782865
1582389783365,ribcage,2382,1582389782965
1582389783365,ribcage,2375,1582389783065
1582389783365,ribcage,2367,1582389783165
1582389783365,ribcage,2358,1582389783265
1582389783365,ribcage,2348,1582389783365
1582389784070,ribcage,2341,1582389783470
1582389784070,ribcage,2336,1582389783570
1582389784070,ribcage,2321,1582389783670
1582389784070,ribcage,2306,1582389783770
1582389784070,ribcage,2268,1582389783870
1582389784070,ribcage,2233,1582389783970
1582389784070,ribcage,2212,1582389784070
1582389784756,ribcage,2185,1582389784156
1582389784756,ribcage,2151,1582389784256
1582389784756,ribcage,2133,1582389784356
1582389784756,ribcage,2125,1582389784456
1582389784756,ribcage,2120,1582389784556
1582389784756,ribcage,2130,1582389784656
1582389784756,ribcage,2146,1582389784756
1582389785465,ribcage,2175,1582389784865
1582389785465,ribcage,2199,1582389784965
1582389785465,ribcage,2216,1582389785065
1582389785465,ribcage,2229,1582389785165
1582389785465,ribcage,2237,1582389785265
1582389785465,ribcage,2261,1582389785365
1582389785465,ribcage,2287,1582389785465
1582389786170,ribcage,2313,1582389785570
1582389786170,ribcage,2339,1582389785670
1582389786170,ribcage,2355,1582389785770
1582389786170,ribcage,2365,1582389785870
1582389786170,ribcage,2369,1582389785970
1582389786170,ribcage,2364,1582389786070
1582389786170,ribcage,2351,1582389786170
1582389786861,ribcage,2338,1582389786261
1582389786861,ribcage,2328,1582389786361
1582389786861,ribcage,2316,1582389786461
1582389786861,ribcage,2309,1582389786561
1582389786861,ribcage,2301,1582389786661
1582389786861,ribcage,2290,1582389786761
1582389786861,ribcage,2279,1582389786861
1582389787566,ribcage,2262,1582389786966
1582389787566,ribcage,2251,1582389787066
1582389787566,ribcage,2249,1582389787166
1582389787566,ribcage,2237,1582389787266
1582389787566,ribcage,2231,1582389787366
1582389787566,ribcage,2226,1582389787466
1582389787566,ribcage,2220,1582389787566
1582389788270,ribcage,2213,1582389787670
1582389788270,ribcage,2211,1582389787770
1582389788270,ribcage,2205,1582389787870
1582389788270,ribcage,2205,1582389787970
1582389788270,ribcage,2200,1582389788070
1582389788270,ribcage,2202,1582389788170
1582389788270,ribcage,2200,1582389788270
1582619835834,ribcage,2030,1582619835234
1582619835834,ribcage,2027,1582619835334
1582619835834,ribcage,2027,1582619835434
1582619835834,ribcage,2028,1582619835534
1582619835834,ribcage,2023,1582619835634
1582619835834,ribcage,2037,1582619835734
1582619835834,ribcage,2031,1582619835834
1582619836539,ribcage,2037,1582619835939
1582619836539,ribcage,2037,1582619836039
1582619836539,ribcage,2036,1582619836139
1582619836539,ribcage,2044,1582619836239
1582619836539,ribcage,2045,1582619836339
1582619836539,ribcage,2047,1582619836439
1582619836539,ribcage,2060,1582619836539
1582619837229,ribcage,2071,1582619836629
1582619837229,ribcage,2084,1582619836729
1582619837229,ribcage,2088,1582619836829
1582619837229,ribcage,2090,1582619836929
1582619837229,ribcage,2088,1582619837029
1582619837229,ribcage,2084,1582619837129
1582619837229,ribcage,2082,1582619837229
1582619837931,ribcage,2077,1582619837331
1582619837931,ribcage,2071,1582619837431
1582619837931,ribcage,2072,1582619837531
1582619837931,ribcage,2063,1582619837631
1582619837931,ribcage,2057,1582619837731
1582619837931,ribcage,2049,1582619837831
1582619837931,ribcage,2046,1582619837931
1582619838635,ribcage,2040,1582619838035
1582619838635,ribcage,2041,1582619838135
1582619838635,ribcage,2036,1582619838235
1582619838635,ribcage,2035,1582619838335
1582619838635,ribcage,2034,1582619838435
1582619838635,ribcage,2031,1582619838535
1582619838635,ribcage,2030,1582619838635
1582619839325,ribcage,2027,1582619838725
1582619839325,ribcage,2027,1582619838825
1582619839325,ribcage,2028,1582619838925
1582619839325,ribcage,2026,1582619839025
1582619839325,ribcage,2025,1582619839125
1582619839325,ribcage,2022,1582619839225
1582619839325,ribcage,2023,1582619839325
1582619840030,ribcage,2022,1582619839430
1582619840030,ribcage,2020,1582619839530
1582619840030,ribcage,2024,1582619839630
1582619840030,ribcage,2030,1582619839730
1582619840030,ribcage,2034,1582619839830
1582619840030,ribcage,2041,1582619839930
1582619840030,ribcage,2052,1582619840030
1582619840737,ribcage,2067,1582619840137
1582619840737,ribcage,2085,1582619840237
1582619840737,ribcage,2093,1582619840337
1582619840737,ribcage,2103,1582619840437
1582619840737,ribcage,2098,1582619840537
1582619840737,ribcage,2101,1582619840637
1582619840737,ribcage,2089,1582619840737
1582619841429,ribcage,2081,1582619840829
1582619841429,ribcage,2074,1582619840929
1582619841429,ribcage,2064,1582619841029
1582619841429,ribcage,2051,1582619841129
1582619841429,ribcage,2033,1582619841229
1582619841429,ribcage,2027,1582619841329
1582619841429,ribcage,2021,1582619841429
1582619842131,ribcage,2017,1582619841531
1582619842131,ribcage,2016,1582619841631
1582619842131,ribcage,2016,1582619841731
1582619842131,ribcage,2011,1582619841831
1582619842131,ribcage,2011,1582619841931
1582619842131,ribcage,2012,1582619842031
1582619842131,ribcage,2010,1582619842131
1582619842839,ribcage,2007,1582619842239
1582619842839,ribcage,2005,1582619842339
1582619842839,ribcage,2010,1582619842439
1582619842839,ribcage,2006,1582619842539
1582619842839,ribcage,2006,1582619842639
1582619842839,ribcage,2010,1582619842739
1582619842839,ribcage,2011,1582619842839
1582619843529,ribcage,2015,1582619842929
1582619843529,ribcage,2021,1582619843029
1582619843529,ribcage,2028,1582619843129
1582619843529,ribcage,2029,1582619843229
1582619843529,ribcage,2041,1582619843329
1582619843529,ribcage,2055,1582619843429
1582619843529,ribcage,2068,1582619843529
1582619844234,ribcage,2088,1582619843634
1582619844234,ribcage,2094,1582619843734
1582619844234,ribcage,2087,1582619843834
1582619844234,ribcage,2085,1582619843934
1582619844234,ribcage,2079,1582619844034
1582619844234,ribcage,2068,1582619844134
1582619844234,ribcage,2064,1582619844234
1582619844924,ribcage,2051,1582619844324
1582619844924,ribcage,2036,1582619844424
1582619844924,ribcage,2028,1582619844524
1582619844924,ribcage,2026,1582619844624
1582619844924,ribcage,2019,1582619844724
1582619844924,ribcage,2015,1582619844824
1582619844924,ribcage,2010,1582619844924
1582619845629,ribcage,2007,1582619845029
1582619845629,ribcage,2008,1582619845129
1582619845629,ribcage,2006,1582619845229
1582619845629,ribcage,2005,1582619845329
1582619845629,ribcage,2004,1582619845429
1582619845629,ribcage,2005,1582619845529
1582619845629,ribcage,2003,1582619845629
1582619846333,ribcage,2007,1582619845733
1582619846333,ribcage,2003,1582619845833
1582619846333,ribcage,2008,1582619845933
1582619846333,ribcage,2014,1582619846033
1582619846333,ribcage,2022,1582619846133
1582619846333,ribcage,2036,1582619846233
1582619846333,ribcage,2059,1582619846333
1582619847024,ribcage,2090,1582619846424
1582619847024,ribcage,2122,1582619846524
1582619847024,ribcage,2136,1582619846624
1582619847024,ribcage,2148,1582619846724
1582619847024,ribcage,2142,1582619846824
1582619847024,ribcage,2131,1582619846924
1582619847024,ribcage,2118,1582619847024
1582619847729,ribcage,2101,1582619847129
1582619847729,ribcage,2076,1582619847229
1582619847729,ribcage,2052,1582619847329
1582619847729,ribcage,2034,1582619847429
1582619847729,ribcage,2019,1582619847529
1582619847729,ribcage,2014,1582619847629
1582619847729,ribcage,2008,1582619847729
1582619848430,ribcage,2005,1582619847830
1582619848430,ribcage,2004,1582619847930
1582619848430,ribcage,2000,1582619848030
1582619848430,ribcage,1999,1582619848130
1582619848430,ribcage,1998,1582619848230
1582619848430,ribcage,1994,1582619848330
1582619848430,ribcage,1991,1582619848430
1582619849124,ribcage,1997,1582619848524
1582619849124,ribcage,2002,1582619848624
1582619849124,ribcage,2007,1582619848724
1582619849124,ribcage,2023,1582619848824
1582619849124,ribcage,2039,1582619848924
1582619849124,ribcage,2052,1582619849024
1582619849124,ribcage,2067,1582619849124
1582619849829,ribcage,2074,1582619849229
1582619849829,ribcage,2087,1582619849329
1582619849829,ribcage,2095,1582619849429
1582619849829,ribcage,2101,1582619849529
1582619849829,ribcage,2098,1582619849629
1582619849829,ribcage,2089,1582619849729
1582619849829,ribcage,2086,1582619849829
1582619850535,ribcage,2080,1582619849935
1582619850535,ribcage,2070,1582619850035
1582619850535,ribcage,2057,1582619850135
1582619850535,ribcage,2049,1582619850235
1582619850535,ribcage,2037,1582619850335
1582619850535,ribcage,2027,1582619850435
1582619850535,ribcage,2015,1582619850535
1582619851224,ribcage,2010,1582619850624
1582619851224,ribcage,2007,1582619850724
1582619851224,ribcage,2000,1582619850824
1582619851224,ribcage,1993,1582619850924
1582619851224,ribcage,1993,1582619851024
1582619851224,ribcage,1991,1582619851124
1582619851224,ribcage,1987,1582619851224
1582619851930,ribcage,1991,1582619851330
1582619851930,ribcage,1991,1582619851430
1582619851930,ribcage,1987,1582619851530
1582619851930,ribcage,1991,1582619851630
1582619851930,ribcage,1993,1582619851730
1582619851930,ribcage,1991,1582619851830
1582619851930,ribcage,1999,1582619851930
1582619852619,ribcage,2009,1582619852019
1582619852619,ribcage,2007,1582619852119
1582619852619,ribcage,2025,1582619852219
1582619852619,ribcage,2042,1582619852319
1582619852619,ribcage,2054,1582619852419
1582619852619,ribcage,2075,1582619852519
1582619852619,ribcage,2086,1582619852619
1582619853325,ribcage,2093,1582619852725
1582619853325,ribcage,2086,1582619852825
1582619853325,ribcage,2081,1582619852925
1582619853325,ribcage,2079,1582619853025
1582619853325,ribcage,2072,1582619853125
1582619853325,ribcage,2068,1582619853225
1582619853325,ribcage,2062,1582619853325
1582619854026,ribcage,2050,1582619853426
1582619854026,ribcage,2040,1582619853526
1582619854026,ribcage,2025,1582619853626
1582619854026,ribcage,2019,1582619853726
1582619854026,ribcage,2012,1582619853826
1582619854026,ribcage,2004,1582619853926
1582619854026,ribcage,2001,1582619854026
1582619854719,ribcage,1998,1582619854119
1582619854719,ribcage,1996,1582619854219
1582619854719,ribcage,1995,1582619854319
1582619854719,ribcage,1996,1582619854419
1582619854719,ribcage,1991,1582619854519
1582619854719,ribcage,1995,1582619854619
1582619854719,ribcage,1996,1582619854719
1582619855424,ribcage,1998,1582619854824
1582619855424,ribcage,1999,1582619854924
1582619855424,ribcage,2004,1582619855024
1582619855424,ribcage,2011,1582619855124
1582619855424,ribcage,2021,1582619855224
1582619855424,ribcage,2038,1582619855324
1582619855424,ribcage,2056,1582619855424
1582619856130,ribcage,2071,1582619855530
1582619856130,ribcage,2085,1582619855630
1582619856130,ribcage,2100,1582619855730
1582619856130,ribcage,2097,1582619855830
1582619856130,ribcage,2091,1582619855930
1582619856130,ribcage,2083,1582619856030
1582619856130,ribcage,2079,1582619856130
1582619856820,ribcage,2073,1582619856220
1582619856820,ribcage,2061,1582619856320
1582619856820,ribcage,2050,1582619856420
1582619856820,ribcage,2038,1582619856520
1582619856820,ribcage,2030,1582619856620
1582619856820,ribcage,2021,1582619856720
1582619856820,ribcage,2013,1582619856820
1582619857521,ribcage,2003,1582619856921
1582619857521,ribcage,2002,1582619857021
1582619857521,ribcage,2000,1582619857121
1582619857521,ribcage,1998,1582619857221
1582619857521,ribcage,1997,1582619857321
1582619857521,ribcage,1996,1582619857421
1582619857521,ribcage,1994,1582619857521
1582619858226,ribcage,1993,1582619857626
1582619858226,ribcage,1992,1582619857726
1582619858226,ribcage,1994,1582619857826
1582619858226,ribcage,2001,1582619857926
1582619858226,ribcage,2001,1582619858026
1582619858226,ribcage,2008,1582619858126
1582619858226,ribcage,2017,1582619858226
1582619858919,ribcage,2034,1582619858319
1582619858919,ribcage,2051,1582619858419
1582619858919,ribcage,2072,1582619858519
1582619858919,ribcage,2094,1582619858619
1582619858919,ribcage,2107,1582619858719
1582619858919,ribcage,2108,1582619858819
1582619858919,ribcage,2101,1582619858919
1582619859621,ribcage,2102,1582619859021
1582619859621,ribcage,2093,1582619859121
1582619859621,ribcage,2083,1582619859221
1582619859621,ribcage,2072,1582619859321
1582619859621,ribcage,2053,1582619859421
1582619859621,ribcage,2037,1582619859521
1582619859621,ribcage,2027,1582619859621
1582619860326,ribcage,2017,1582619859726
1582619860326,ribcage,2008,1582619859826
1582619860326,ribcage,2009,1582619859926
1582619860326,ribcage,2009,1582619860026
1582619860326,ribcage,1998,1582619860126
1582619860326,ribcage,2002,1582619860226
1582619860326,ribcage,2002,1582619860326
1582619861020,ribcage,1993,1582619860420
1582619861020,ribcage,1999,1582619860520
1582619861020,ribcage,1994,1582619860620
1582619861020,ribcage,1991,1582619860720
1582619861020,ribcage,1992,1582619860820
1582619861020,ribcage,1996,1582619860920
1582619861020,ribcage,2002,1582619861020
1582619861725,ribcage,2012,1582619861125
1582619861725,ribcage,2025,1582619861225
1582619861725,ribcage,2043,1582619861325
1582619861725,ribcage,2064,1582619861425
1582619861725,ribcage,2073,1582619861525
1582619861725,ribcage,2085,1582619861625
1582619861725,ribcage,2095,1582619861725
1582619862415,ribcage,2094,1582619861815
1582619862415,ribcage,2091,1582619861915
1582619862415,ribcage,2080,1582619862015
1582619862415,ribcage,2075,1582619862115
1582619862415,ribcage,2067,1582619862215
1582619862415,ribcage,2062,1582619862315
1582619862415,ribcage,2046,1582619862415
1582619863117,ribcage,2028,1582619862517
1582619863117,ribcage,2021,1582619862617
1582619863117,ribcage,2014,1582619862717
1582619863117,ribcage,2010,1582619862817
1582619863117,ribcage,2008,1582619862917
1582619863117,ribcage,2007,1582619863017
1582619863117,ribcage,2001,1582619863117
1582619863825,ribcage,2000,1582619863225
1582619863825,ribcage,2000,1582619863325
1582619863825,ribcage,1992,1582619863425
1582619863825,ribcage,1988,1582619863525
1582619863825,ribcage,1989,1582619863625
1582619863825,ribcage,1990,1582619863725
1582619863825,ribcage,1990,1582619863825
1582619864515,ribcage,1995,1582619863915
1582619864515,ribcage,1996,1582619864015
1582619864515,ribcage,2002,1582619864115
1582619864515,ribcage,2013,1582619864215
1582619864515,ribcage,2021,1582619864315
1582619864515,ribcage,2031,1582619864415
1582619864515,ribcage,2051,1582619864515
1582619865220,ribcage,2073,1582619864620
1582619865220,ribcage,2093,1582619864720
1582619865220,ribcage,2100,1582619864820
1582619865220,ribcage,2093,1582619864920
1582619865220,ribcage,2089,1582619865020
1582619865220,ribcage,2086,1582619865120
1582619865220,ribcage,2081,1582619865220
1582619865925,ribcage,2071,1582619865325
1582619865925,ribcage,2062,1582619865425
1582619865925,ribcage,2053,1582619865525
1582619865925,ribcage,2041,1582619865625
1582619865925,ribcage,2026,1582619865725
1582619865925,ribcage,2015,1582619865825
1582619865925,ribcage,2007,1582619865925
1582619866615,ribcage,2006,1582619866015
1582619866615,ribcage,2003,1582619866115
1582619866615,ribcage,1999,1582619866215
1582619866615,ribcage,1991,1582619866315
1582619866615,ribcage,1991,1582619866415
1582619866615,ribcage,1992,1582619866515
1582619866615,ribcage,1989,1582619866615
1582619867316,ribcage,1989,1582619866716
1582619867316,ribcage,1986,1582619866816
1582619867316,ribcage,1985,1582619866916
1582619867316,ribcage,1993,1582619867016
1582619867316,ribcage,1996,1582619867116
1582619867316,ribcage,2002,1582619867216
1582619867316,ribcage,2016,1582619867316
1582619868025,ribcage,2032,1582619867425
1582619868025,ribcage,2048,1582619867525
1582619868025,ribcage,2070,1582619867625
1582619868025,ribcage,2092,1582619867725
1582619868025,ribcage,2110,1582619867825
1582619868025,ribcage,2125,1582619867925
1582619868025,ribcage,2120,1582619868025
1582619868714,ribcage,2108,1582619868114
1582619868714,ribcage,2106,1582619868214
1582619868714,ribcage,2092,1582619868314
1582619868714,ribcage,2076,1582619868414
1582619868714,ribcage,2066,1582619868514
1582619868714,ribcage,2050,1582619868614
1582619868714,ribcage,2039,1582619868714
1582619869420,ribcage,2031,1582619868820
1582619869420,ribcage,2019,1582619868920
1582619869420,ribcage,2008,1582619869020
1582619869420,ribcage,2004,1582619869120
1582619869420,ribcage,2000,1582619869220
1582619869420,ribcage,1994,1582619869320
1582619869420,ribcage,1994,1582619869420
1582619870110,ribcage,1990,1582619869510
1582619870110,ribcage,1990,1582619869610
1582619870110,ribcage,1987,1582619869710
1582619870110,ribcage,1987,1582619869810
1582619870110,ribcage,1988,1582619869910
1582619870110,ribcage,1997,1582619870010
1582619870110,ribcage,1999,1582619870110
1582619870811,ribcage,2006,1582619870211
1582619870811,ribcage,2020,1582619870311
1582619870811,ribcage,2036,1582619870411
1582619870811,ribcage,2054,1582619870511
1582619870811,ribcage,2069,1582619870611
1582619870811,ribcage,2087,1582619870711
1582619870811,ribcage,2094,1582619870811
1582619871516,ribcage,2090,1582619870916
1582619871516,ribcage,2083,1582619871016
1582619871516,ribcage,2077,1582619871116
1582619871516,ribcage,2071,1582619871216
1582619871516,ribcage,2060,1582619871316
1582619871516,ribcage,2048,1582619871416
1582619871516,ribcage,2035,1582619871516
1582619872210,ribcage,2024,1582619871610
1582619872210,ribcage,2016,1582619871710
1582619872210,ribcage,2009,1582619871810
1582619872210,ribcage,1998,1582619871910
1582619872210,ribcage,1994,1582619872010
1582619872210,ribcage,1991,1582619872110
1582619872210,ribcage,1992,1582619872210
1582619872915,ribcage,1989,1582619872315
1582619872915,ribcage,1986,1582619872415
1582619872915,ribcage,1984,1582619872515
1582619872915,ribcage,1984,1582619872615
1582619872915,ribcage,1982,1582619872715
1582619872915,ribcage,1983,1582619872815
1582619872915,ribcage,1986,1582619872915
1582619873620,ribcage,1985,1582619873020
1582619873620,ribcage,1989,1582619873120
1582619873620,ribcage,1994,1582619873220
1582619873620,ribcage,2000,1582619873320
1582619873620,ribcage,2008,1582619873420
1582619873620,ribcage,2023,1582619873520
1582619873620,ribcage,2041,1582619873620
1582619874310,ribcage,2062,1582619873710
1582619874310,ribcage,2074,1582619873810
1582619874310,ribcage,2084,1582619873910
1582619874310,ribcage,2085,1582619874010
1582619874310,ribcage,2078,1582619874110
1582619874310,ribcage,2073,1582619874210
1582619874310,ribcage,2069,1582619874310
1582619875015,ribcage,2060,1582619874415
1582619875015,ribcage,2053,1582619874515
1582619875015,ribcage,2047,1582619874615
1582619875015,ribcage,2037,1582619874715
1582619875015,ribcage,2022,1582619874815
1582619875015,ribcage,2010,1582619874915
1582619875015,ribcage,2006,1582619875015
1582619875717,ribcage,2001,1582619875117
1582619875717,ribcage,1999,1582619875217
1582619875717,ribcage,1993,1582619875317
1582619875717,ribcage,1992,1582619875417
1582619875717,ribcage,1987,1582619875517
1582619875717,ribcage,1990,1582619875617
1582619875717,ribcage,1989,1582619875717
1582619876408,ribcage,1979,1582619875808
1582619876408,ribcage,1981,1582619875908
1582619876408,ribcage,1984,1582619876008
1582619876408,ribcage,1981,1582619876108
1582619876408,ribcage,1986,1582619876208
1582619876408,ribcage,1989,1582619876308
1582619876408,ribcage,1989,1582619876408
1582619877115,ribcage,2002,1582619876515
1582619877115,ribcage,2013,1582619876615
1582619877115,ribcage,2019,1582619876715
1582619877115,ribcage,2037,1582619876815
1582619877115,ribcage,2056,1582619876915
1582619877115,ribcage,2080,1582619877015
1582619877115,ribcage,2096,1582619877115
1582619877805,ribcage,2101,1582619877205
1582619877805,ribcage,2096,1582619877305
1582619877805,ribcage,2092,1582619877405
1582619877805,ribcage,2079,1582619877505
1582619877805,ribcage,2066,1582619877605
1582619877805,ribcage,2048,1582619877705
1582619877805,ribcage,2032,1582619877805
1582619878510,ribcage,2023,1582619877910
1582619878510,ribcage,2022,1582619878010
1582619878510,ribcage,2023,1582619878110
1582619878510,ribcage,2020,1582619878210
1582619878510,ribcage,2024,1582619878310
1582619878510,ribcage,2021,1582619878410
1582619878510,ribcage,2017,1582619878510
1582619879215,ribcage,2018,1582619878615
1582619879215,ribcage,2020,1582619878715
1582619879215,ribcage,2021,1582619878815
1582619879215,ribcage,2028,1582619878915
1582619879215,ribcage,2045,1582619879015
1582619879215,ribcage,2072,1582619879115
1582619879215,ribcage,2099,1582619879215
1582619879905,ribcage,2122,1582619879305
1582619879905,ribcage,2143,1582619879405
1582619879905,ribcage,2158,1582619879505
1582619879905,ribcage,2166,1582619879605
1582619879905,ribcage,2164,1582619879705
1582619879905,ribcage,2156,1582619879805
1582619879905,ribcage,2147,1582619879905
1582619880610,ribcage,2141,1582619880010
1582619880610,ribcage,2118,1582619880110
1582619880610,ribcage,2096,1582619880210
1582619880610,ribcage,2084,1582619880310
1582619880610,ribcage,2075,1582619880410
1582619880610,ribcage,2072,1582619880510
1582619880610,ribcage,2078,1582619880610
1582619881315,ribcage,2070,1582619880715
1582619881315,ribcage,2069,1582619880815
1582619881315,ribcage,2066,1582619880915
1582619881315,ribcage,2063,1582619881015
1582619881315,ribcage,2061,1582619881115
1582619881315,ribcage,2058,1582619881215
1582619881315,ribcage,2056,1582619881315
1582619882012,ribcage,2053,1582619881412
1582619882012,ribcage,2052,1582619881512
1582619882012,ribcage,2048,1582619881612
1582619882012,ribcage,2050,1582619881712
1582619882012,ribcage,2046,1582619881812
1582619882012,ribcage,2050,1582619881912
1582619882012,ribcage,2053,1582619882012
1582619882711,ribcage,2060,1582619882111
1582619882711,ribcage,2072,1582619882211
1582619882711,ribcage,2085,1582619882311
1582619882711,ribcage,2104,1582619882411
1582619882711,ribcage,2118,1582619882511
1582619882711,ribcage,2129,1582619882611
1582619882711,ribcage,2141,1582619882711
1582619883415,ribcage,2147,1582619882815
1582619883415,ribcage,2140,1582619882915
1582619883415,ribcage,2130,1582619883015
1582619883415,ribcage,2122,1582619883115
1582619883415,ribcage,2111,1582619883215
1582619883415,ribcage,2099,1582619883315
1582619883415,ribcage,2087,1582619883415
1582619884105,ribcage,2077,1582619883505
1582619884105,ribcage,2068,1582619883605
1582619884105,ribcage,2062,1582619883705
1582619884105,ribcage,2058,1582619883805
1582619884105,ribcage,2049,1582619883905
1582619884105,ribcage,2048,1582619884005
1582619884105,ribcage,2043,1582619884105
1582619884810,ribcage,2048,1582619884210
1582619884810,ribcage,2046,1582619884310
1582619884810,ribcage,2040,1582619884410
1582619884810,ribcage,2050,1582619884510
1582619884810,ribcage,2040,1582619884610
1582619884810,ribcage,2037,1582619884710
1582619884810,ribcage,2048,1582619884810
1582619885499,ribcage,2051,1582619884899
1582619885499,ribcage,2056,1582619884999
1582619885499,ribcage,2070,1582619885099
1582619885499,ribcage,2082,1582619885199
1582619885499,ribcage,2102,1582619885299
1582619885499,ribcage,2115,1582619885399
1582619885499,ribcage,2132,1582619885499
1582619886202,ribcage,2146,1582619885602
1582619886202,ribcage,2144,1582619885702
1582619886202,ribcage,2138,1582619885802
1582619886202,ribcage,2127,1582619885902
1582619886202,ribcage,2118,1582619886002
1582619886202,ribcage,2111,1582619886102
1582619886202,ribcage,2100,1582619886202
1582619886910,ribcage,2085,1582619886310
1582619886910,ribcage,2074,1582619886410
1582619886910,ribcage,2065,1582619886510
1582619886910,ribcage,2061,1582619886610
1582619886910,ribcage,2051,1582619886710
1582619886910,ribcage,2045,1582619886810
1582619886910,ribcage,2042,1582619886910
1582619887600,ribcage,2038,1582619887000
1582619887600,ribcage,2036,1582619887100
1582619887600,ribcage,2036,1582619887200
1582619887600,ribcage,2036,1582619887300
1582619887600,ribcage,2036,1582619887400
1582619887600,ribcage,2030,1582619887500
1582619887600,ribcage,2031,1582619887600
1582619888304,ribcage,2032,1582619887704
1582619888304,ribcage,2044,1582619887804
1582619888304,ribcage,2059,1582619887904
1582619888304,ribcage,2075,1582619888004
1582619888304,ribcage,2089,1582619888104
1582619888304,ribcage,2107,1582619888204
1582619888304,ribcage,2122,1582619888304
1582619889010,ribcage,2130,1582619888410
1582619889010,ribcage,2135,1582619888510
1582619889010,ribcage,2132,1582619888610
1582619889010,ribcage,2118,1582619888710
1582619889010,ribcage,2115,1582619888810
1582619889010,ribcage,2098,1582619888910
1582619889010,ribcage,2085,1582619889010
1582619889701,ribcage,2077,1582619889101
1582619889701,ribcage,2066,1582619889201
1582619889701,ribcage,2059,1582619889301
1582619889701,ribcage,2050,1582619889401
1582619889701,ribcage,2048,1582619889501
1582619889701,ribcage,2041,1582619889601
1582619889701,ribcage,2031,1582619889701
1582619890405,ribcage,2019,1582619889805
1582619890405,ribcage,2010,1582619889905
1582619890405,ribcage,1994,1582619890005
1582619890405,ribcage,1978,1582619890105
1582619890405,ribcage,1971,1582619890205
1582619890405,ribcage,1980,1582619890305
1582619890405,ribcage,1999,1582619890405
1582619891107,ribcage,2018,1582619890507
1582619891107,ribcage,2031,1582619890607
1582619891107,ribcage,2054,1582619890707
1582619891107,ribcage,2070,1582619890807
1582619891107,ribcage,2073,1582619890907
1582619891107,ribcage,2073,1582619891007
1582619891107,ribcage,2065,1582619891107
1582619891801,ribcage,2058,1582619891201
1582619891801,ribcage,2053,1582619891301
1582619891801,ribcage,2045,1582619891401
1582619891801,ribcage,2044,1582619891501
1582619891801,ribcage,2035,1582619891601
1582619891801,ribcage,2021,1582619891701
1582619891801,ribcage,2010,1582619891801
1582619892502,ribcage,2010,1582619891902
1582619892502,ribcage,2005,1582619892002
1582619892502,ribcage,1997,1582619892102
1582619892502,ribcage,1994,1582619892202
1582619892502,ribcage,1995,1582619892302
1582619892502,ribcage,1978,1582619892402
1582619892502,ribcage,1979,1582619892502
1582619893199,ribcage,1982,1582619892599
1582619893199,ribcage,1972,1582619892699
1582619893199,ribcage,1976,1582619892799
1582619893199,ribcage,1975,1582619892899
1582619893199,ribcage,1971,1582619892999
1582619893199,ribcage,1972,1582619893099
1582619893199,ribcage,1972,1582619893199
1582619893901,ribcage,1975,1582619893301
1582619893901,ribcage,1988,1582619893401
1582619893901,ribcage,2005,1582619893501
1582619893901,ribcage,2023,1582619893601
1582619893901,ribcage,2039,1582619893701
1582619893901,ribcage,2055,1582619893801
1582619893901,ribcage,2067,1582619893901
1582619894606,ribcage,2076,1582619894006
1582619894606,ribcage,2081,1582619894106
1582619894606,ribcage,2075,1582619894206
1582619894606,ribcage,2069,1582619894306
1582619894606,ribcage,2065,1582619894406
1582619894606,ribcage,2056,1582619894506
1582619894606,ribcage,2045,1582619894606
1582619895295,ribcage,2031,1582619894695
1582619895295,ribcage,2008,1582619894795
1582619895295,ribcage,1999,1582619894895
1582619895295,ribcage,1991,1582619894995
1582619895295,ribcage,1987,1582619895095
1582619895295,ribcage,1985,1582619895195
1582619895295,ribcage,1978,1582619895295
1582619896001,ribcage,1976,1582619895401
1582619896001,ribcage,1976,1582619895501
1582619896001,ribcage,1969,1582619895601
1582619896001,ribcage,1958,1582619895701
1582619896001,ribcage,1960,1582619895801
1582619896001,ribcage,1955,1582619895901
1582619896001,ribcage,1956,1582619896001
1582619896705,ribcage,1952,1582619896105
1582619896705,ribcage,1952,1582619896205
1582619896705,ribcage,1952,1582619896305
1582619896705,ribcage,1952,1582619896405
1582619896705,ribcage,1956,1582619896505
1582619896705,ribcage,1955,1582619896605
1582619896705,ribcage,1962,1582619896705
1582619897396,ribcage,1973,1582619896796
1582619897396,ribcage,1991,1582619896896
1582619897396,ribcage,2011,1582619896996
1582619897396,ribcage,2033,1582619897096
1582619897396,ribcage,2053,1582619897196
1582619897396,ribcage,2070,1582619897296
1582619897396,ribcage,2083,1582619897396
1582619898098,ribcage,2082,1582619897498
1582619898098,ribcage,2076,1582619897598
1582619898098,ribcage,2071,1582619897698
1582619898098,ribcage,2060,1582619897798
1582619898098,ribcage,2048,1582619897898
1582619898098,ribcage,2029,1582619897998
1582619898098,ribcage,2011,1582619898098
1582619898802,ribcage,2001,1582619898202
1582619898802,ribcage,1991,1582619898302
1582619898802,ribcage,1985,1582619898402
1582619898802,ribcage,1969,1582619898502
1582619898802,ribcage,1963,1582619898602
1582619898802,ribcage,1961,1582619898702
1582619898802,ribcage,1957,1582619898802
1582619899492,ribcage,1954,1582619898892
1582619899492,ribcage,1951,1582619898992
1582619899492,ribcage,1946,1582619899092
1582619899492,ribcage,1943,1582619899192
1582619899492,ribcage,1945,1582619899292
1582619899492,ribcage,1940,1582619899392
1582619899492,ribcage,1940,1582619899492
1582619900198,ribcage,1942,1582619899598
1582619900198,ribcage,1945,1582619899698
1582619900198,ribcage,1949,1582619899798
1582619900198,ribcage,1963,1582619899898
1582619900198,ribcage,1981,1582619899998
1582619900198,ribcage,2003,1582619900098
1582619900198,ribcage,2031,1582619900198
1582619900903,ribcage,2044,1582619900303
1582619900903,ribcage,2058,1582619900403
1582619900903,ribcage,2077,1582619900503
1582619900903,ribcage,2080,1582619900603
1582619900903,ribcage,2074,1582619900703
1582619900903,ribcage,2073,1582619900803
1582619900903,ribcage,2061,1582619900903
1582619901596,ribcage,2048,1582619900996
1582619901596,ribcage,2047,1582619901096
1582619901596,ribcage,2028,1582619901196
1582619901596,ribcage,2009,1582619901296
1582619901596,ribcage,2010,1582619901396
1582619901596,ribcage,2004,1582619901496
1582619901596,ribcage,2001,1582619901596
1582619902297,ribcage,1992,1582619901697
1582619902297,ribcage,1984,1582619901797
1582619902297,ribcage,1984,1582619901897
1582619902297,ribcage,1983,1582619901997
1582619902297,ribcage,1978,1582619902097
1582619902297,ribcage,1979,1582619902197
1582619902297,ribcage,1979,1582619902297
1582619902991,ribcage,1982,1582619902391
1582619902991,ribcage,1984,1582619902491
1582619902991,ribcage,1989,1582619902591
1582619902991,ribcage,2001,1582619902691
1582619902991,ribcage,2018,1582619902791
1582619902991,ribcage,2048,1582619902891
1582619902991,ribcage,2072,1582619902991
1582619903696,ribcage,2091,1582619903096
1582619903696,ribcage,2099,1582619903196
1582619903696,ribcage,2097,1582619903296
1582619903696,ribcage,2087,1582619903396
1582619903696,ribcage,2078,1582619903496
1582619903696,ribcage,2066,1582619903596
1582619903696,ribcage,2040,1582619903696
1582619904401,ribcage,2025,1582619903801
1582619904401,ribcage,2009,1582619903901
1582619904401,ribcage,1991,1582619904001
1582619904401,ribcage,1981,1582619904101
1582619904401,ribcage,1970,1582619904201
1582619904401,ribcage,1962,1582619904301
1582619904401,ribcage,1955,1582619904401
1582619905092,ribcage,1949,1582619904492
1582619905092,ribcage,1946,1582619904592
1582619905092,ribcage,1945,1582619904692
1582619905092,ribcage,1943,1582619904792
1582619905092,ribcage,1947,1582619904892
1582619905092,ribcage,1945,1582619904992
1582619905092,ribcage,1953,1582619905092
1582619905796,ribcage,1962,1582619905196
1582619905796,ribcage,1967,1582619905296
1582619905796,ribcage,1987,1582619905396
1582619905796,ribcage,2016,1582619905496
1582619905796,ribcage,2037,1582619905596
1582619905796,ribcage,2056,1582619905696
1582619905796,ribcage,2074,1582619905796
1582619906502,ribcage,2086,1582619905902
1582619906502,ribcage,2083,1582619906002
1582619906502,ribcage,2076,1582619906102
1582619906502,ribcage,2067,1582619906202
1582619906502,ribcage,2056,1582619906302
1582619906502,ribcage,2046,1582619906402
1582619906502,ribcage,2029,1582619906502
1582619907191,ribcage,2012,1582619906591
1582619907191,ribcage,1995,1582619906691
1582619907191,ribcage,1983,1582619906791
1582619907191,ribcage,1973,1582619906891
1582619907191,ribcage,1962,1582619906991
1582619907191,ribcage,1955,1582619907091
1582619907191,ribcage,1955,1582619907191
1582619907896,ribcage,1951,1582619907296
1582619907896,ribcage,1951,1582619907396
1582619907896,ribcage,1947,1582619907496
1582619907896,ribcage,1946,1582619907596
1582619907896,ribcage,1945,1582619907696
1582619907896,ribcage,1951,1582619907796
1582619907896,ribcage,1957,1582619907896
1582619908598,ribcage,1963,1582619907998
1582619908598,ribcage,1971,1582619908098
1582619908598,ribcage,1989,1582619908198
1582619908598,ribcage,2012,1582619908298
1582619908598,ribcage,2033,1582619908398
1582619908598,ribcage,2059,1582619908498
1582619908598,ribcage,2078,1582619908598
1582619909291,ribcage,2084,1582619908691
1582619909291,ribcage,2085,1582619908791
1582619909291,ribcage,2075,1582619908891
1582619909291,ribcage,2059,1582619908991
1582619909291,ribcage,2057,1582619909091
1582619909291,ribcage,2039,1582619909191
1582619909291,ribcage,2024,1582619909291
1582619909996,ribcage,2015,1582619909396
1582619909996,ribcage,1997,1582619909496
1582619909996,ribcage,1982,1582619909596
1582619909996,ribcage,1975,1582619909696
1582619909996,ribcage,1968,1582619909796
1582619909996,ribcage,1964,1582619909896
1582619909996,ribcage,1961,1582619909996
1582619910686,ribcage,1959,1582619910086
1582619910686,ribcage,1958,1582619910186
1582619910686,ribcage,1961,1582619910286
1582619910686,ribcage,1958,1582619910386
1582619910686,ribcage,1957,1582619910486
1582619910686,ribcage,1958,1582619910586
1582619910686,ribcage,1960,1582619910686
1582619911391,ribcage,1962,1582619910791
1582619911391,ribcage,1969,1582619910891
1582619911391,ribcage,1979,1582619910991
1582619911391,ribcage,1994,1582619911091
1582619911391,ribcage,2019,1582619911191
1582619911391,ribcage,2039,1582619911291
1582619911391,ribcage,2059,1582619911391
1582619912092,ribcage,2080,1582619911492
1582619912092,ribcage,2092,1582619911592
1582619912092,ribcage,2083,1582619911692
1582619912092,ribcage,2078,1582619911792
1582619912092,ribcage,2073,1582619911892
1582619912092,ribcage,2063,1582619911992
1582619912092,ribcage,2053,1582619912092
1582619912782,ribcage,2035,1582619912182
1582619912782,ribcage,2021,1582619912282
1582619912782,ribcage,2001,1582619912382
1582619912782,ribcage,1984,1582619912482
1582619912782,ribcage,1975,1582619912582
1582619912782,ribcage,1969,1582619912682
1582619912782,ribcage,1963,1582619912782
1582619913491,ribcage,1957,1582619912891
1582619913491,ribcage,1951,1582619912991
1582619913491,ribcage,1953,1582619913091
1582619913491,ribcage,1945,1582619913191
1582619913491,ribcage,1940,1582619913291
1582619913491,ribcage,1942,1582619913391
1582619913491,ribcage,1941,1582619913491
1582619914197,ribcage,1944,1582619913597
1582619914197,ribcage,1941,1582619913697
1582619914197,ribcage,1948,1582619913797
1582619914197,ribcage,1950,1582619913897
1582619914197,ribcage,1959,1582619913997
1582619914197,ribcage,1964,1582619914097
1582619914197,ribcage,1977,1582619914197
1582619914886,ribcage,2000,1582619914286
1582619914886,ribcage,2016,1582619914386
1582619914886,ribcage,2034,1582619914486
1582619914886,ribcage,2046,1582619914586
1582619914886,ribcage,2057,1582619914686
1582619914886,ribcage,2049,1582619914786
1582619914886,ribcage,2047,1582619914886
1582619915591,ribcage,2036,1582619914991
1582619915591,ribcage,2026,1582619915091
1582619915591,ribcage,2014,1582619915191
1582619915591,ribcage,2001,1582619915291
1582619915591,ribcage,1986,1582619915391
1582619915591,ribcage,1971,1582619915491
1582619915591,ribcage,1963,1582619915591
1582619916297,ribcage,1953,1582619915697
1582619916297,ribcage,1951,1582619915797
1582619916297,ribcage,1945,1582619915897
1582619916297,ribcage,1943,1582619915997
1582619916297,ribcage,1939,1582619916097
1582619916297,ribcage,1941,1582619916197
1582619916297,ribcage,1940,1582619916297
1582619916983,ribcage,1938,1582619916383
1582619916983,ribcage,1941,1582619916483
1582619916983,ribcage,1947,1582619916583
1582619916983,ribcage,1945,1582619916683
1582619916983,ribcage,1953,1582619916783
1582619916983,ribcage,1966,1582619916883
1582619916983,ribcage,1972,1582619916983
1582619917690,ribcage,1996,1582619917090
1582619917690,ribcage,2013,1582619917190
1582619917690,ribcage,2026,1582619917290
1582619917690,ribcage,2049,1582619917390
1582619917690,ribcage,2066,1582619917490
1582619917690,ribcage,2068,1582619917590
1582619917690,ribcage,2070,1582619917690
1582619918378,ribcage,2057,1582619917778
1582619918378,ribcage,2052,1582619917878
1582619918378,ribcage,2041,1582619917978
1582619918378,ribcage,2024,1582619918078
1582619918378,ribcage,2005,1582619918178
1582619918378,ribcage,1988,1582619918278
1582619918378,ribcage,1972,1582619918378
1582619919087,ribcage,1957,1582619918487
1582619919087,ribcage,1955,1582619918587
1582619919087,ribcage,1956,1582619918687
1582619919087,ribcage,1956,1582619918787
1582619919087,ribcage,1957,1582619918887
1582619919087,ribcage,1956,1582619918987
1582619919087,ribcage,1955,1582619919087
1582619919791,ribcage,1958,1582619919191
1582619919791,ribcage,1961,1582619919291
1582619919791,ribcage,1966,1582619919391
1582619919791,ribcage,1974,1582619919491
1582619919791,ribcage,1999,1582619919591
1582619919791,ribcage,2019,1582619919691
1582619919791,ribcage,2038,1582619919791
1582619920482,ribcage,2051,1582619919882
1582619920482,ribcage,2060,1582619919982
1582619920482,ribcage,2080,1582619920082
1582619920482,ribcage,2086,1582619920182
1582619920482,ribcage,2077,1582619920282
1582619920482,ribcage,2070,1582619920382
1582619920482,ribcage,2063,1582619920482
1582619921184,ribcage,2051,1582619920584
1582619921184,ribcage,2035,1582619920684
1582619921184,ribcage,2017,1582619920784
1582619921184,ribcage,2001,1582619920884
1582619921184,ribcage,1988,1582619920984
1582619921184,ribcage,1975,1582619921084
1582619921184,ribcage,1962,1582619921184
1582619921927,ribcage,1955,1582619921327
1582619921927,ribcage,1952,1582619921427
1582619921927,ribcage,1948,1582619921527
1582619921927,ribcage,1947,1582619921627
1582619921927,ribcage,1945,1582619921727
1582619921927,ribcage,1947,1582619921827
1582619921927,ribcage,1940,1582619921927
1582619922580,ribcage,1938,1582619921980
1582619922580,ribcage,1933,1582619922080
1582619922580,ribcage,1936,1582619922180
1582619922580,ribcage,1937,1582619922280
1582619922580,ribcage,1947,1582619922380
1582619922580,ribcage,1954,1582619922480
1582619922580,ribcage,1966,1582619922580
1582619923285,ribcage,1986,1582619922685
1582619923285,ribcage,2008,1582619922785
1582619923285,ribcage,2025,1582619922885
1582619923285,ribcage,2040,1582619922985
1582619923285,ribcage,2052,1582619923085
1582619923285,ribcage,2057,1582619923185
1582619923285,ribcage,2056,1582619923285
1582619923991,ribcage,2050,1582619923391
1582619923991,ribcage,2049,1582619923491
1582619923991,ribcage,2047,1582619923591
1582619923991,ribcage,2036,1582619923691
1582619923991,ribcage,2021,1582619923791
1582619923991,ribcage,2002,1582619923891
1582619923991,ribcage,1980,1582619923991
1582619924678,ribcage,1968,1582619924078
1582619924678,ribcage,1958,1582619924178
1582619924678,ribcage,1950,1582619924278
1582619924678,ribcage,1942,1582619924378
1582619924678,ribcage,1945,1582619924478
1582619924678,ribcage,1942,1582619924578
1582619924678,ribcage,1937,1582619924678
1582619925385,ribcage,1943,1582619924785
1582619925385,ribcage,1944,1582619924885
1582619925385,ribcage,1942,1582619924985
1582619925385,ribcage,1954,1582619925085
1582619925385,ribcage,1966,1582619925185
1582619925385,ribcage,1978,1582619925285
1582619925385,ribcage,2004,1582619925385
1582619926077,ribcage,2023,1582619925477
1582619926077,ribcage,2036,1582619925577
1582619926077,ribcage,2053,1582619925677
1582619926077,ribcage,2061,1582619925777
1582619926077,ribcage,2057,1582619925877
1582619926077,ribcage,2053,1582619925977
1582619926077,ribcage,2048,1582619926077
1582619926782,ribcage,2039,1582619926182
1582619926782,ribcage,2036,1582619926282
1582619926782,ribcage,2022,1582619926382
1582619926782,ribcage,2002,1582619926482
1582619926782,ribcage,1990,1582619926582
1582619926782,ribcage,1976,1582619926682
1582619926782,ribcage,1966,1582619926782
1582619927487,ribcage,1964,1582619926887
1582619927487,ribcage,1962,1582619926987
1582619927487,ribcage,1956,1582619927087
1582619927487,ribcage,1960,1582619927187
1582619927487,ribcage,1960,1582619927287
1582619927487,ribcage,1955,1582619927387
1582619927487,ribcage,1957,1582619927487
1582619928177,ribcage,1959,1582619927577
1582619928177,ribcage,1964,1582619927677
1582619928177,ribcage,1972,1582619927777
1582619928177,ribcage,1985,1582619927877
1582619928177,ribcage,2005,1582619927977
1582619928177,ribcage,2022,1582619928077
1582619928177,ribcage,2035,1582619928177
1582619928880,ribcage,2046,1582619928280
1582619928880,ribcage,2061,1582619928380
1582619928880,ribcage,2060,1582619928480
1582619928880,ribcage,2054,1582619928580
1582619928880,ribcage,2051,1582619928680
1582619928880,ribcage,2046,1582619928780
1582619928880,ribcage,2039,1582619928880
1582619929587,ribcage,2026,1582619928987
1582619929587,ribcage,2009,1582619929087
1582619929587,ribcage,1999,1582619929187
1582619929587,ribcage,1982,1582619929287
1582619929587,ribcage,1974,1582619929387
1582619929587,ribcage,1965,1582619929487
1582619929587,ribcage,1960,1582619929587
1582619930277,ribcage,1955,1582619929677
1582619930277,ribcage,1957,1582619929777
1582619930277,ribcage,1953,1582619929877
1582619930277,ribcage,1944,1582619929977
1582619930277,ribcage,1943,1582619930077
1582619930277,ribcage,1945,1582619930177
1582619930277,ribcage,1943,1582619930277
1582619931033,ribcage,1940,1582619930433
1582619931033,ribcage,1943,1582619930533
1582619931033,ribcage,1945,1582619930633
1582619931033,ribcage,1953,1582619930733
1582619931033,ribcage,1961,1582619930833
1582619931033,ribcage,1970,1582619930933
1582619931033,ribcage,1994,1582619931033
1582619931687,ribcage,2014,1582619931087
1582619931687,ribcage,2033,1582619931187
1582619931687,ribcage,2052,1582619931287
1582619931687,ribcage,2068,1582619931387
1582619931687,ribcage,2079,1582619931487
1582619931687,ribcage,2082,1582619931587
1582619931687,ribcage,2076,1582619931687
